TXT
MeshData
	maxDiffuseMipLevel 0
	hasValidTangents TRUE
	BoundingRadius 4025.5433355
	MaxBoundingExtents [ 1041.5512395 328.7171865 4025.447022 ]
	MinBoundingExtents [ -1042.313874 -195.445335 -3826.3930665 ]
	NumMaterials 1
	Material
		DiffuseTextureFileName "IR_KnightHammer-cl.dds"
		SelfIlluminationTextureFileName "IR_essd-da.dds"
		NormalTextureFileName "IR_essd-nm.dds"
		DisplacementTextureFileName ""
		TeamColorTextureFileName ""
		Diffuse ffffffff
		Ambient ffffffff
		Specular ffffffff
		Emissive ffffffff
		Glossiness 32.000000
	NumPoints 157
	Point
		DataString "Ability-0"
		Position [ -240.818298 -6.1281 2573.4461055 ]
		Orientation
			 [ 0.258819 0.000000 0.965926 ]
			 [ 0.000000 1.000000 0.000000 ]
			 [ -0.965926 0.000000 0.258819 ]
	Point
		DataString "Ability-1"
		Position [ 82.3109205 0.000000 3501.5749515 ]
		Orientation
			 [ 1.000000 0.000000 0.000000 ]
			 [ 0.000000 1.000000 0.000000 ]
			 [ 0.000000 0.000000 1.000000 ]
	Point
		DataString "Ability-2"
		Position [ -83.23791 0.000000 3501.5749515 ]
		Orientation
			 [ 1.000000 0.000000 0.000000 ]
			 [ 0.000000 1.000000 0.000000 ]
			 [ 0.000000 0.000000 1.000000 ]
	Point
		DataString "Ability-3"
		Position [ 0.000225 53.0520855 2573.4461055 ]
		Orientation
			 [ 1.000000 0.000000 0.000000 ]
			 [ 0.000000 1.000000 0.000000 ]
			 [ 0.000000 0.000000 1.000000 ]
	Point
		DataString "Above"
		Position [ 0.000000 189.954003 0.000000 ]
		Orientation
			 [ 1.000000 0.000000 0.000000 ]
			 [ 0.000000 1.000000 0.000000 ]
			 [ 0.000000 0.000000 1.000000 ]
	Point
		DataString "Aura"
		Position [ 0.000000 0 0.000000 ]
		Orientation
			 [ 1.000000 0.000000 0.000000 ]
			 [ 0.000000 1.000000 0.000000 ]
			 [ 0.000000 0.000000 1.000000 ]
	Point
		DataString "Bomb"
		Position [ -140.915451 0.000000 3162.9345705 ]
		Orientation
			 [ 0.178468 0.000000 0.983946 ]
			 [ 0.000000 1.000000 0.000000 ]
			 [ -0.983946 0.000000 0.178468 ]
	Point
		DataString "Center"
		Position [ 0.000000 0 0.000000 ]
		Orientation
			 [ 1.000000 0.000000 0.000000 ]
			 [ 0.000000 1.000000 0.000000 ]
			 [ 0.000000 0.000000 1.000000 ]
	Point
		DataString "Exhaust"
		Position [ -4.016082 -34.3715745 -3252.9440925 ]
		Orientation
			 [ -1.000000 0.000000 0.000000 ]
			 [ 0.000000 1.000000 0.000000 ]
			 [ -0.000000 0.000000 -1.000000 ]
	Point
		DataString "Flair-Flair_Blink"
		Position [ 150.3665205 0.552528 1812.1695555 ]
		Orientation
			 [ 0.999076 0.000000 -0.042971 ]
			 [ 0.000000 1.000000 0.000000 ]
			 [ 0.042971 0.000000 0.999076 ]
	Point
		DataString "Hangar"
		Position [ 0.0000975 -14.574078 1117.415772 ]
		Orientation
			 [ 1.000000 0.000000 0.000000 ]
			 [ 0.000000 1.000000 0.000000 ]
			 [ 0.000000 0.000000 1.000000 ]
	Point
		DataString "Weapon-0"
		Position [ -140.915451 0.000000 3162.9345705 ]
		Orientation
			 [ 0.178468 0.000000 0.983946 ]
			 [ 0.000000 1.000000 0.000000 ]
			 [ -0.983946 0.000000 0.178468 ]
	Point
		DataString "Weapon-1"
		Position [ -140.9154855 34.6222395 2810.4407955 ]
		Orientation
			 [ 0.178468 0.000000 0.983946 ]
			 [ 0.000000 1.000000 0.000000 ]
			 [ -0.983946 0.000000 0.178468 ]
	Point
		DataString "Weapon-2"
		Position [ -606.073608 0.000000 443.7740475 ]
		Orientation
			 [ 0.258819 0.000000 0.965926 ]
			 [ 0.000000 1.000000 0.000000 ]
			 [ -0.965926 0.000000 0.258819 ]
	Point
		DataString "Ability-0"
		Position [ 241.1074215 -6.1281 2573.4461055 ]
		Orientation
			 [ 0.258819 0.000000 -0.965926 ]
			 [ 0.000000 1.000000 0.000000 ]
			 [ 0.965926 0.000000 0.258819 ]
	Point
		DataString "Bomb"
		Position [ -265.560081 0.000000 2429.9401245 ]
		Orientation
			 [ 0.178468 0.000000 0.983946 ]
			 [ 0.000000 1.000000 0.000000 ]
			 [ -0.983946 0.000000 0.178468 ]
	Point
		DataString "Exhaust"
		Position [ 145.2438705 -21.446412 -3194.7733155 ]
		Orientation
			 [ -1.000000 0.000000 0.000000 ]
			 [ 0.000000 1.000000 0.000000 ]
			 [ -0.000000 0.000000 -1.000000 ]
	Point
		DataString "Flair-Flair_Blink"
		Position [ 150.366543 0.552528 2090.057739 ]
		Orientation
			 [ 0.999076 0.000000 -0.042971 ]
			 [ 0.000000 1.000000 0.000000 ]
			 [ 0.042971 0.000000 0.999076 ]
	Point
		DataString "Hangar"
		Position [ -309.116661 -22.016244 508.541199 ]
		Orientation
			 [ 1.000000 0.000000 0.000000 ]
			 [ 0.000000 1.000000 0.000000 ]
			 [ 0.000000 0.000000 1.000000 ]
	Point
		DataString "Weapon-0"
		Position [ -143.76036 0.000000 3149.8674315 ]
		Orientation
			 [ 0.178468 0.000000 0.983946 ]
			 [ 0.000000 1.000000 0.000000 ]
			 [ -0.983946 0.000000 0.178468 ]
	Point
		DataString "Weapon-1"
		Position [ -143.7603945 34.6222395 2797.3734735 ]
		Orientation
			 [ 0.178468 0.000000 0.983946 ]
			 [ 0.000000 1.000000 0.000000 ]
			 [ -0.983946 0.000000 0.178468 ]
	Point
		DataString "Weapon-2"
		Position [ 605.3884275 0.000000 443.773956 ]
		Orientation
			 [ 0.258819 0.000000 -0.965926 ]
			 [ 0.000000 1.000000 0.000000 ]
			 [ 0.965926 0.000000 0.258819 ]
	Point
		DataString "Bomb"
		Position [ -494.538711 0.000000 1105.203552 ]
		Orientation
			 [ 0.178468 0.000000 0.983946 ]
			 [ 0.000000 1.000000 0.000000 ]
			 [ -0.983946 0.000000 0.178468 ]
	Point
		DataString "Exhaust"
		Position [ -157.816623 -21.446412 -3194.7733155 ]
		Orientation
			 [ -1.000000 0.000000 0.000000 ]
			 [ 0.000000 1.000000 0.000000 ]
			 [ -0.000000 0.000000 -1.000000 ]
	Point
		DataString "Flair-Flair_Blink"
		Position [ 150.3664965 0.552528 1579.8832395 ]
		Orientation
			 [ 0.999076 0.000000 -0.042971 ]
			 [ 0.000000 1.000000 0.000000 ]
			 [ 0.042971 0.000000 0.999076 ]
	Point
		DataString "Hangar"
		Position [ 302.8608855 -22.016244 508.5411075 ]
		Orientation
			 [ 1.000000 0.000000 0.000000 ]
			 [ 0.000000 1.000000 0.000000 ]
			 [ 0.000000 0.000000 1.000000 ]
	Point
		DataString "Weapon-0"
		Position [ -146.495487 0.000000 3136.7999265 ]
		Orientation
			 [ 0.178468 0.000000 0.983946 ]
			 [ 0.000000 1.000000 0.000000 ]
			 [ -0.983946 0.000000 0.178468 ]
	Point
		DataString "Weapon-1"
		Position [ -146.4955215 34.6222395 2784.306153 ]
		Orientation
			 [ 0.178468 0.000000 0.983946 ]
			 [ 0.000000 1.000000 0.000000 ]
			 [ -0.983946 0.000000 0.178468 ]
	Point
		DataString "Weapon-2"
		Position [ 787.316253 0.000000 -640.2850335 ]
		Orientation
			 [ 0.258819 0.000000 -0.965926 ]
			 [ 0.000000 1.000000 0.000000 ]
			 [ 0.965926 0.000000 0.258819 ]
	Point
		DataString "Bomb"
		Position [ -681.56076 0.000000 -10.7310825 ]
		Orientation
			 [ 0.178468 0.000000 0.983946 ]
			 [ 0.000000 1.000000 0.000000 ]
			 [ -0.983946 0.000000 0.178468 ]
	Point
		DataString "Exhaust"
		Position [ -610.65564 -99.2036355 -1711.963806 ]
		Orientation
			 [ -1.000000 0.000000 0.000000 ]
			 [ 0.000000 1.000000 0.000000 ]
			 [ -0.000000 0.000000 -1.000000 ]
	Point
		DataString "Flair-Flair_Blink"
		Position [ -132.115539 0.552528 1580.724609 ]
		Orientation
			 [ 0.999076 0.000000 -0.042971 ]
			 [ 0.000000 1.000000 0.000000 ]
			 [ 0.042971 0.000000 0.999076 ]
	Point
		DataString "Hangar"
		Position [ 221.372841 -18.435087 1812.1695555 ]
		Orientation
			 [ -0.258819 0.000000 0.965926 ]
			 [ 0.000000 1.000000 0.000000 ]
			 [ -0.965926 0.000000 -0.258819 ]
	Point
		DataString "Weapon-0"
		Position [ -149.5603755 0.000000 3123.7327875 ]
		Orientation
			 [ 0.178468 0.000000 0.983946 ]
			 [ 0.000000 1.000000 0.000000 ]
			 [ -0.983946 0.000000 0.178468 ]
	Point
		DataString "Weapon-1"
		Position [ -149.56041 34.6222395 2771.238831 ]
		Orientation
			 [ 0.178468 0.000000 0.983946 ]
			 [ 0.000000 1.000000 0.000000 ]
			 [ -0.983946 0.000000 0.178468 ]
	Point
		DataString "Weapon-2"
		Position [ -788.385498 0.000000 -640.2848505 ]
		Orientation
			 [ 0.258819 0.000000 0.965926 ]
			 [ 0.000000 1.000000 0.000000 ]
			 [ -0.965926 0.000000 0.258819 ]
	Point
		DataString "Bomb"
		Position [ -882.318969 0.000000 -1200.376281 ]
		Orientation
			 [ 0.178468 0.000000 0.983946 ]
			 [ 0.000000 1.000000 0.000000 ]
			 [ -0.983946 0.000000 0.178468 ]
	Point
		DataString "Exhaust"
		Position [ 570.793716 -99.2036355 -1711.963806 ]
		Orientation
			 [ -1.000000 0.000000 0.000000 ]
			 [ 0.000000 1.000000 0.000000 ]
			 [ -0.000000 0.000000 -1.000000 ]
	Point
		DataString "Flair-Flair_Blink"
		Position [ -132.1155165 0.552528 1812.1695555 ]
		Orientation
			 [ 0.999076 0.000000 -0.042971 ]
			 [ 0.000000 1.000000 0.000000 ]
			 [ 0.042971 0.000000 0.999076 ]
	Point
		DataString "Hangar"
		Position [ -219.962745 -18.435087 1812.1695555 ]
		Orientation
			 [ -0.172893 0.000000 -0.984941 ]
			 [ 0.000000 1.000000 0.000000 ]
			 [ 0.984941 0.000000 -0.172893 ]
	Point
		DataString "Weapon-0"
		Position [ -152.7679935 0.000000 3110.6652825 ]
		Orientation
			 [ 0.178468 0.000000 0.983946 ]
			 [ 0.000000 1.000000 0.000000 ]
			 [ -0.983946 0.000000 0.178468 ]
	Point
		DataString "Weapon-1"
		Position [ -152.768028 34.6222395 2758.171509 ]
		Orientation
			 [ 0.178468 0.000000 0.983946 ]
			 [ 0.000000 1.000000 0.000000 ]
			 [ -0.983946 0.000000 0.178468 ]
	Point
		DataString "Weapon-2"
		Position [ -213.6734385 0.000000 2737.900818 ]
		Orientation
			 [ 0.258819 0.000000 0.965926 ]
			 [ 0.000000 1.000000 0.000000 ]
			 [ -0.965926 0.000000 0.258819 ]
	Point
		DataString "Bomb"
		Position [ -143.9377905 -41.8254435 2810.547729 ]
		Orientation
			 [ 0.178468 0.000000 0.983946 ]
			 [ 0.000000 1.000000 0.000000 ]
			 [ -0.983946 0.000000 0.178468 ]
	Point
		DataString "Exhaust"
		Position [ -771.3715215 -72.873768 -1711.963806 ]
		Orientation
			 [ -1.000000 0.000000 0.000000 ]
			 [ 0.000000 1.000000 0.000000 ]
			 [ -0.000000 0.000000 -1.000000 ]
	Point
		DataString "Flair-Flair_Blink"
		Position [ -132.115494 0.552528 2090.8989255 ]
		Orientation
			 [ 0.999076 0.000000 -0.042971 ]
			 [ 0.000000 1.000000 0.000000 ]
			 [ 0.042971 0.000000 0.999076 ]
	Point
		DataString "Weapon-0"
		Position [ -265.5619125 0.000000 2429.9756475 ]
		Orientation
			 [ 0.178468 0.000000 0.983946 ]
			 [ 0.000000 1.000000 0.000000 ]
			 [ -0.983946 0.000000 0.178468 ]
	Point
		DataString "Weapon-1"
		Position [ -143.9377905 -41.8254435 2810.547729 ]
		Orientation
			 [ 0.178468 0.000000 0.983946 ]
			 [ 0.000000 1.000000 0.000000 ]
			 [ -0.983946 0.000000 0.178468 ]
	Point
		DataString "Weapon-2"
		Position [ 213.0044175 0.000000 2737.900818 ]
		Orientation
			 [ 0.258819 0.000000 -0.965926 ]
			 [ 0.000000 1.000000 0.000000 ]
			 [ 0.965926 0.000000 0.258819 ]
	Point
		DataString "Bomb"
		Position [ -152.768028 34.6222395 2758.171509 ]
		Orientation
			 [ 0.178468 0.000000 0.983946 ]
			 [ 0.000000 1.000000 0.000000 ]
			 [ -0.983946 0.000000 0.178468 ]
	Point
		DataString "Exhaust"
		Position [ 731.908218 -60.970734 -1712.536011 ]
		Orientation
			 [ -1.000000 0.000000 0.000000 ]
			 [ 0.000000 1.000000 0.000000 ]
			 [ -0.000000 0.000000 -1.000000 ]
	Point
		DataString "Flair-Flair_Blink"
		Position [ 150.366474 0.552528 1258.5319515 ]
		Orientation
			 [ 0.999076 0.000000 -0.042971 ]
			 [ 0.000000 1.000000 0.000000 ]
			 [ 0.042971 0.000000 0.999076 ]
	Point
		DataString "Weapon-0"
		Position [ -267.8812185 0.000000 2416.9083255 ]
		Orientation
			 [ 0.178468 0.000000 0.983946 ]
			 [ 0.000000 1.000000 0.000000 ]
			 [ -0.983946 0.000000 0.178468 ]
	Point
		DataString "Weapon-1"
		Position [ -146.257107 -41.8254435 2797.480407 ]
		Orientation
			 [ 0.178468 0.000000 0.983946 ]
			 [ 0.000000 1.000000 0.000000 ]
			 [ -0.983946 0.000000 0.178468 ]
	Point
		DataString "Weapon-2"
		Position [ 325.944489 0.000000 2070.416931 ]
		Orientation
			 [ 0.258819 0.000000 -0.965926 ]
			 [ 0.000000 1.000000 0.000000 ]
			 [ 0.965926 0.000000 0.258819 ]
	Point
		DataString "Bomb"
		Position [ -494.563431 46.9679895 469.0631565 ]
		Orientation
			 [ 0.178468 0.000000 0.983946 ]
			 [ 0.000000 1.000000 0.000000 ]
			 [ -0.983946 0.000000 0.178468 ]
	Point
		DataString "Exhaust"
		Position [ -384.922806 11.973837 -2198.390625 ]
		Orientation
			 [ -1.000000 0.000000 0.000000 ]
			 [ 0.000000 1.000000 0.000000 ]
			 [ -0.000000 0.000000 -1.000000 ]
	Point
		DataString "Flair-Flair_Blink"
		Position [ 296.0261535 0.552528 668.4057315 ]
		Orientation
			 [ 0.999076 0.000000 -0.042971 ]
			 [ 0.000000 1.000000 0.000000 ]
			 [ 0.042971 0.000000 0.999076 ]
	Point
		DataString "Weapon-0"
		Position [ -270.119019 0.000000 2403.8410035 ]
		Orientation
			 [ 0.178468 0.000000 0.983946 ]
			 [ 0.000000 1.000000 0.000000 ]
			 [ -0.983946 0.000000 0.178468 ]
	Point
		DataString "Weapon-1"
		Position [ -148.494885 -41.8254435 2784.4130865 ]
		Orientation
			 [ 0.178468 0.000000 0.983946 ]
			 [ 0.000000 1.000000 0.000000 ]
			 [ -0.983946 0.000000 0.178468 ]
	Point
		DataString "Weapon-2"
		Position [ -326.498085 0.000000 2070.416931 ]
		Orientation
			 [ 0.258819 0.000000 0.965926 ]
			 [ 0.000000 1.000000 0.000000 ]
			 [ -0.965926 0.000000 0.258819 ]
	Point
		DataString "Bomb"
		Position [ -503.8431705 -40.9695345 412.613343 ]
		Orientation
			 [ 0.178468 0.000000 0.983946 ]
			 [ 0.000000 1.000000 0.000000 ]
			 [ -0.983946 0.000000 0.178468 ]
	Point
		DataString "Exhaust"
		Position [ 386.7697905 12.9233145 -2188.714782 ]
		Orientation
			 [ -1.000000 0.000000 0.000000 ]
			 [ 0.000000 1.000000 0.000000 ]
			 [ -0.000000 0.000000 -1.000000 ]
	Point
		DataString "Flair-Flair_Blink"
		Position [ -132.115563 0.552528 1259.373138 ]
		Orientation
			 [ 0.999076 0.000000 -0.042971 ]
			 [ 0.000000 1.000000 0.000000 ]
			 [ 0.042971 0.000000 0.999076 ]
	Point
		DataString "Weapon-0"
		Position [ -272.002578 0.000000 2390.7736815 ]
		Orientation
			 [ 0.178468 0.000000 0.983946 ]
			 [ 0.000000 1.000000 0.000000 ]
			 [ -0.983946 0.000000 0.178468 ]
	Point
		DataString "Weapon-1"
		Position [ -150.378456 -41.8254435 2771.3457645 ]
		Orientation
			 [ 0.178468 0.000000 0.983946 ]
			 [ 0.000000 1.000000 0.000000 ]
			 [ -0.983946 0.000000 0.178468 ]
	Point
		DataString "Weapon-2"
		Position [ -976.29657 0.000000 -1749.307251 ]
		Orientation
			 [ 0.258819 0.000000 0.965926 ]
			 [ 0.000000 1.000000 0.000000 ]
			 [ -0.965926 0.000000 0.258819 ]
	Point
		DataString "Bomb"
		Position [ -788.385498 0.000000 -640.2848505 ]
		Orientation
			 [ 0.258819 0.000000 0.965926 ]
			 [ 0.000000 1.000000 0.000000 ]
			 [ -0.965926 0.000000 0.258819 ]
	Point
		DataString "Flair-Flair_Blink"
		Position [ -292.102524 0.552528 674.0252835 ]
		Orientation
			 [ 0.999076 0.000000 -0.042971 ]
			 [ 0.000000 1.000000 0.000000 ]
			 [ 0.042971 0.000000 0.999076 ]
	Point
		DataString "Weapon-0"
		Position [ -274.3970715 0.000000 2377.7063595 ]
		Orientation
			 [ 0.178468 0.000000 0.983946 ]
			 [ 0.000000 1.000000 0.000000 ]
			 [ -0.983946 0.000000 0.178468 ]
	Point
		DataString "Weapon-1"
		Position [ -152.7729495 -41.8254435 2758.2784425 ]
		Orientation
			 [ 0.178468 0.000000 0.983946 ]
			 [ 0.000000 1.000000 0.000000 ]
			 [ -0.983946 0.000000 0.178468 ]
	Point
		DataString "Weapon-2"
		Position [ 975.535218 0.000000 -1749.307251 ]
		Orientation
			 [ 0.258819 0.000000 -0.965926 ]
			 [ 0.000000 1.000000 0.000000 ]
			 [ 0.965926 0.000000 0.258819 ]
	Point
		DataString "Weapon-0"
		Position [ -494.5633845 0.000000 1105.206756 ]
		Orientation
			 [ 0.178468 0.000000 0.983946 ]
			 [ 0.000000 1.000000 0.000000 ]
			 [ -0.983946 0.000000 0.178468 ]
	Point
		DataString "Weapon-1"
		Position [ -494.563431 46.9679895 469.0631565 ]
		Orientation
			 [ 0.178468 0.000000 0.983946 ]
			 [ 0.000000 1.000000 0.000000 ]
			 [ -0.983946 0.000000 0.178468 ]
	Point
		DataString "Weapon-2"
		Position [ -159.143475 68.399775 1374.8438415 ]
		Orientation
			 [ 0.009158 0.000000 0.999958 ]
			 [ 0.000000 1.000000 0.000000 ]
			 [ -0.999958 0.000000 0.009158 ]
	Point
		DataString "Weapon-0"
		Position [ -496.8826905 0.000000 1092.1394355 ]
		Orientation
			 [ 0.178468 0.000000 0.983946 ]
			 [ 0.000000 1.000000 0.000000 ]
			 [ -0.983946 0.000000 0.178468 ]
	Point
		DataString "Weapon-1"
		Position [ -496.8827355 46.9679895 455.9958345 ]
		Orientation
			 [ 0.178468 0.000000 0.983946 ]
			 [ 0.000000 1.000000 0.000000 ]
			 [ -0.983946 0.000000 0.178468 ]
	Point
		DataString "Weapon-2"
		Position [ -159.6497265 68.399775 1327.133331 ]
		Orientation
			 [ -0.001214 0.000000 0.999999 ]
			 [ 0.000000 1.000000 0.000000 ]
			 [ -0.999999 0.000000 -0.001214 ]
	Point
		DataString "Weapon-0"
		Position [ -499.1205135 0.000000 1079.0721135 ]
		Orientation
			 [ 0.178468 0.000000 0.983946 ]
			 [ 0.000000 1.000000 0.000000 ]
			 [ -0.983946 0.000000 0.178468 ]
	Point
		DataString "Weapon-1"
		Position [ -499.12056 46.9679895 442.9285125 ]
		Orientation
			 [ 0.178468 0.000000 0.983946 ]
			 [ 0.000000 1.000000 0.000000 ]
			 [ -0.983946 0.000000 0.178468 ]
	Point
		DataString "Weapon-2"
		Position [ -161.2076115 68.399775 1277.3841255 ]
		Orientation
			 [ -0.018493 0.000000 0.999829 ]
			 [ 0.000000 1.000000 0.000000 ]
			 [ -0.999829 0.000000 -0.018493 ]
	Point
		DataString "Weapon-0"
		Position [ -501.004074 0.000000 1066.0047915 ]
		Orientation
			 [ 0.178468 0.000000 0.983946 ]
			 [ 0.000000 1.000000 0.000000 ]
			 [ -0.983946 0.000000 0.178468 ]
	Point
		DataString "Weapon-1"
		Position [ -501.0041205 46.9679895 429.861237 ]
		Orientation
			 [ 0.178468 0.000000 0.983946 ]
			 [ 0.000000 1.000000 0.000000 ]
			 [ -0.983946 0.000000 0.178468 ]
	Point
		DataString "Weapon-2"
		Position [ -161.88549 67.310526 1228.274139 ]
		Orientation
			 [ 0.022740 0.000000 0.999741 ]
			 [ 0.000000 1.000000 0.000000 ]
			 [ -0.999741 0.000000 0.022740 ]
	Point
		DataString "Weapon-0"
		Position [ -503.398545 0.000000 1052.9374695 ]
		Orientation
			 [ 0.178468 0.000000 0.983946 ]
			 [ 0.000000 1.000000 0.000000 ]
			 [ -0.983946 0.000000 0.178468 ]
	Point
		DataString "Weapon-1"
		Position [ -503.39859 46.9679895 416.793915 ]
		Orientation
			 [ 0.178468 0.000000 0.983946 ]
			 [ 0.000000 1.000000 0.000000 ]
			 [ -0.983946 0.000000 0.178468 ]
	Point
		DataString "Weapon-2"
		Position [ -159.5423235 68.9464365 1175.049042 ]
		Orientation
			 [ -0.002259 0.000000 0.999997 ]
			 [ 0.000000 1.000000 0.000000 ]
			 [ -0.999997 0.000000 -0.002259 ]
	Point
		DataString "Weapon-0"
		Position [ -681.637893 0.000000 -10.5400215 ]
		Orientation
			 [ 0.178468 0.000000 0.983946 ]
			 [ 0.000000 1.000000 0.000000 ]
			 [ -0.983946 0.000000 0.178468 ]
	Point
		DataString "Weapon-1"
		Position [ -495.0080115 -40.9695345 464.882583 ]
		Orientation
			 [ 0.178468 0.000000 0.983946 ]
			 [ 0.000000 1.000000 0.000000 ]
			 [ -0.983946 0.000000 0.178468 ]
	Point
		DataString "Weapon-2"
		Position [ 164.150574 69.6925845 1372.6354065 ]
		Orientation
			 [ -0.009159 0.000000 -0.999958 ]
			 [ 0.000000 1.000000 0.000000 ]
			 [ 0.999958 0.000000 -0.009159 ]
	Point
		DataString "Weapon-0"
		Position [ -683.957199 0.000000 -23.607339 ]
		Orientation
			 [ 0.178468 0.000000 0.983946 ]
			 [ 0.000000 1.000000 0.000000 ]
			 [ -0.983946 0.000000 0.178468 ]
	Point
		DataString "Weapon-1"
		Position [ -497.327316 -40.9695345 451.8152625 ]
		Orientation
			 [ 0.178468 0.000000 0.983946 ]
			 [ 0.000000 1.000000 0.000000 ]
			 [ -0.983946 0.000000 0.178468 ]
	Point
		DataString "Weapon-2"
		Position [ 163.644333 69.6925845 1324.1370855 ]
		Orientation
			 [ 0.001214 0.000000 -0.999999 ]
			 [ 0.000000 1.000000 0.000000 ]
			 [ 0.999999 0.000000 0.001214 ]
	Point
		DataString "Weapon-0"
		Position [ -686.194977 0.000000 -36.674655 ]
		Orientation
			 [ 0.178468 0.000000 0.983946 ]
			 [ 0.000000 1.000000 0.000000 ]
			 [ -0.983946 0.000000 0.178468 ]
	Point
		DataString "Weapon-1"
		Position [ -499.5651405 -40.9695345 438.7479855 ]
		Orientation
			 [ 0.178468 0.000000 0.983946 ]
			 [ 0.000000 1.000000 0.000000 ]
			 [ -0.983946 0.000000 0.178468 ]
	Point
		DataString "Weapon-2"
		Position [ 162.086448 69.6925845 1276.0201725 ]
		Orientation
			 [ 0.018493 0.000000 -0.999829 ]
			 [ 0.000000 1.000000 0.000000 ]
			 [ 0.999829 0.000000 0.018493 ]
	Point
		DataString "Weapon-0"
		Position [ -688.0785375 0.000000 -49.741968 ]
		Orientation
			 [ 0.178468 0.000000 0.983946 ]
			 [ 0.000000 1.000000 0.000000 ]
			 [ -0.983946 0.000000 0.178468 ]
	Point
		DataString "Weapon-1"
		Position [ -501.4486995 -40.9695345 425.6806635 ]
		Orientation
			 [ 0.178468 0.000000 0.983946 ]
			 [ 0.000000 1.000000 0.000000 ]
			 [ -0.983946 0.000000 0.178468 ]
	Point
		DataString "Weapon-2"
		Position [ 161.4085695 66.822624 1227.8136285 ]
		Orientation
			 [ -0.022740 0.000000 -0.999741 ]
			 [ 0.000000 1.000000 0.000000 ]
			 [ 0.999741 0.000000 -0.022740 ]
	Point
		DataString "Weapon-0"
		Position [ -690.4730535 0.000000 -62.80929 ]
		Orientation
			 [ 0.178468 0.000000 0.983946 ]
			 [ 0.000000 1.000000 0.000000 ]
			 [ -0.983946 0.000000 0.178468 ]
	Point
		DataString "Weapon-1"
		Position [ -503.8431705 -40.9695345 412.613343 ]
		Orientation
			 [ 0.178468 0.000000 0.983946 ]
			 [ 0.000000 1.000000 0.000000 ]
			 [ -0.983946 0.000000 0.178468 ]
	Point
		DataString "Weapon-2"
		Position [ 163.751736 70.23924 1176.4773555 ]
		Orientation
			 [ 0.002259 0.000000 -0.999997 ]
			 [ 0.000000 1.000000 0.000000 ]
			 [ 0.999997 0.000000 0.002259 ]
	Point
		DataString "Weapon-0"
		Position [ -882.332154 0.000000 -1200.4357905 ]
		Orientation
			 [ 0.178468 0.000000 0.983946 ]
			 [ 0.000000 1.000000 0.000000 ]
			 [ -0.983946 0.000000 0.178468 ]
	Point
		DataString "Weapon-0"
		Position [ -884.65155 0.000000 -1213.5031125 ]
		Orientation
			 [ 0.178468 0.000000 0.983946 ]
			 [ 0.000000 1.000000 0.000000 ]
			 [ -0.983946 0.000000 0.178468 ]
	Point
		DataString "Weapon-0"
		Position [ -886.8892815 0.000000 -1226.5704345 ]
		Orientation
			 [ 0.178468 0.000000 0.983946 ]
			 [ 0.000000 1.000000 0.000000 ]
			 [ -0.983946 0.000000 0.178468 ]
	Point
		DataString "Weapon-0"
		Position [ -888.7728885 0.000000 -1239.6377565 ]
		Orientation
			 [ 0.178468 0.000000 0.983946 ]
			 [ 0.000000 1.000000 0.000000 ]
			 [ -0.983946 0.000000 0.178468 ]
	Point
		DataString "Weapon-0"
		Position [ -891.167358 0.000000 -1252.7050785 ]
		Orientation
			 [ 0.178468 0.000000 0.983946 ]
			 [ 0.000000 1.000000 0.000000 ]
			 [ -0.983946 0.000000 0.178468 ]
	Point
		DataString "Weapon-0"
		Position [ 142.1107185 0.000000 3162.9345705 ]
		Orientation
			 [ 0.158007 0.000000 -0.987438 ]
			 [ 0.000000 1.000000 0.000000 ]
			 [ 0.987438 0.000000 0.158007 ]
	Point
		DataString "Weapon-1"
		Position [ 122.9433975 35.3613975 2810.4440925 ]
		Orientation
			 [ 0.158007 0.000000 -0.987438 ]
			 [ 0.000000 1.000000 0.000000 ]
			 [ 0.987438 0.000000 0.158007 ]
	Point
		DataString "Weapon-0"
		Position [ 144.394089 0.000000 3149.8674315 ]
		Orientation
			 [ 0.158007 0.000000 -0.987438 ]
			 [ 0.000000 1.000000 0.000000 ]
			 [ 0.987438 0.000000 0.158007 ]
	Point
		DataString "Weapon-1"
		Position [ 125.2267575 35.3613975 2797.3767705 ]
		Orientation
			 [ 0.158007 0.000000 -0.987438 ]
			 [ 0.000000 1.000000 0.000000 ]
			 [ 0.987438 0.000000 0.158007 ]
	Point
		DataString "Weapon-0"
		Position [ 146.9437635 0.000000 3136.7999265 ]
		Orientation
			 [ 0.158007 0.000000 -0.987438 ]
			 [ 0.000000 1.000000 0.000000 ]
			 [ 0.987438 0.000000 0.158007 ]
	Point
		DataString "Weapon-1"
		Position [ 127.776444 35.3613975 2784.3094485 ]
		Orientation
			 [ 0.158007 0.000000 -0.987438 ]
			 [ 0.000000 1.000000 0.000000 ]
			 [ 0.987438 0.000000 0.158007 ]
	Point
		DataString "Weapon-0"
		Position [ 149.2150605 0.000000 3123.7327875 ]
		Orientation
			 [ 0.158007 0.000000 -0.987438 ]
			 [ 0.000000 1.000000 0.000000 ]
			 [ 0.987438 0.000000 0.158007 ]
	Point
		DataString "Weapon-1"
		Position [ 130.047741 35.3613975 2771.2421265 ]
		Orientation
			 [ 0.158007 0.000000 -0.987438 ]
			 [ 0.000000 1.000000 0.000000 ]
			 [ 0.987438 0.000000 0.158007 ]
	Point
		DataString "Weapon-0"
		Position [ 153.279567 0.000000 3110.6652825 ]
		Orientation
			 [ 0.158007 0.000000 -0.987438 ]
			 [ 0.000000 1.000000 0.000000 ]
			 [ 0.987438 0.000000 0.158007 ]
	Point
		DataString "Weapon-1"
		Position [ 134.1122355 35.3613975 2758.1748045 ]
		Orientation
			 [ 0.158007 0.000000 -0.987438 ]
			 [ 0.000000 1.000000 0.000000 ]
			 [ 0.987438 0.000000 0.158007 ]
	Point
		DataString "Weapon-0"
		Position [ 265.9912485 0.000000 2430.447144 ]
		Orientation
			 [ 0.158007 0.000000 -0.987438 ]
			 [ 0.000000 1.000000 0.000000 ]
			 [ 0.987438 0.000000 0.158007 ]
	Point
		DataString "Weapon-1"
		Position [ 122.632095 -42.3589185 2810.2417605 ]
		Orientation
			 [ 0.158007 0.000000 -0.987438 ]
			 [ 0.000000 1.000000 0.000000 ]
			 [ 0.987438 0.000000 0.158007 ]
	Point
		DataString "Weapon-0"
		Position [ 268.2746205 0.000000 2417.379822 ]
		Orientation
			 [ 0.158007 0.000000 -0.987438 ]
			 [ 0.000000 1.000000 0.000000 ]
			 [ 0.987438 0.000000 0.158007 ]
	Point
		DataString "Weapon-1"
		Position [ 124.915467 -42.3589185 2797.1744385 ]
		Orientation
			 [ 0.158007 0.000000 -0.987438 ]
			 [ 0.000000 1.000000 0.000000 ]
			 [ 0.987438 0.000000 0.158007 ]
	Point
		DataString "Weapon-0"
		Position [ 270.824295 0.000000 2404.3125 ]
		Orientation
			 [ 0.158007 0.000000 -0.987438 ]
			 [ 0.000000 1.000000 0.000000 ]
			 [ 0.987438 0.000000 0.158007 ]
	Point
		DataString "Weapon-1"
		Position [ 127.465152 -42.3589185 2784.1071165 ]
		Orientation
			 [ 0.158007 0.000000 -0.987438 ]
			 [ 0.000000 1.000000 0.000000 ]
			 [ 0.987438 0.000000 0.158007 ]
	Point
		DataString "Weapon-0"
		Position [ 273.095604 0.000000 2391.245178 ]
		Orientation
			 [ 0.158007 0.000000 -0.987438 ]
			 [ 0.000000 1.000000 0.000000 ]
			 [ 0.987438 0.000000 0.158007 ]
	Point
		DataString "Weapon-1"
		Position [ 129.7364385 -42.3589185 2771.0397945 ]
		Orientation
			 [ 0.158007 0.000000 -0.987438 ]
			 [ 0.000000 1.000000 0.000000 ]
			 [ 0.987438 0.000000 0.158007 ]
	Point
		DataString "Weapon-0"
		Position [ 277.160088 0.000000 2378.177856 ]
		Orientation
			 [ 0.158007 0.000000 -0.987438 ]
			 [ 0.000000 1.000000 0.000000 ]
			 [ 0.987438 0.000000 0.158007 ]
	Point
		DataString "Weapon-1"
		Position [ 133.800945 -42.3589185 2757.9724725 ]
		Orientation
			 [ 0.158007 0.000000 -0.987438 ]
			 [ 0.000000 1.000000 0.000000 ]
			 [ 0.987438 0.000000 0.158007 ]
	Point
		DataString "Weapon-0"
		Position [ 493.545594 0.000000 1105.253448 ]
		Orientation
			 [ 0.158007 0.000000 -0.987438 ]
			 [ 0.000000 1.000000 0.000000 ]
			 [ 0.987438 0.000000 0.158007 ]
	Point
		DataString "Weapon-1"
		Position [ 521.0319675 43.008327 468.849243 ]
		Orientation
			 [ 0.158007 0.000000 -0.987438 ]
			 [ 0.000000 1.000000 0.000000 ]
			 [ 0.987438 0.000000 0.158007 ]
	Point
		DataString "Weapon-0"
		Position [ 495.958008 0.000000 1092.186126 ]
		Orientation
			 [ 0.158007 0.000000 -0.987438 ]
			 [ 0.000000 1.000000 0.000000 ]
			 [ 0.987438 0.000000 0.158007 ]
	Point
		DataString "Weapon-1"
		Position [ 523.4443815 43.008327 455.781921 ]
		Orientation
			 [ 0.158007 0.000000 -0.987438 ]
			 [ 0.000000 1.000000 0.000000 ]
			 [ 0.987438 0.000000 0.158007 ]
	Point
		DataString "Weapon-0"
		Position [ 498.1205295 0.000000 1079.1188055 ]
		Orientation
			 [ 0.158007 0.000000 -0.987438 ]
			 [ 0.000000 1.000000 0.000000 ]
			 [ 0.987438 0.000000 0.158007 ]
	Point
		DataString "Weapon-1"
		Position [ 525.606903 43.008327 442.714599 ]
		Orientation
			 [ 0.158007 0.000000 -0.987438 ]
			 [ 0.000000 1.000000 0.000000 ]
			 [ 0.987438 0.000000 0.158007 ]
	Point
		DataString "Weapon-0"
		Position [ 500.3918145 0.000000 1066.0514835 ]
		Orientation
			 [ 0.158007 0.000000 -0.987438 ]
			 [ 0.000000 1.000000 0.000000 ]
			 [ 0.987438 0.000000 0.158007 ]
	Point
		DataString "Weapon-1"
		Position [ 527.8781895 43.008327 429.6472785 ]
		Orientation
			 [ 0.158007 0.000000 -0.987438 ]
			 [ 0.000000 1.000000 0.000000 ]
			 [ 0.987438 0.000000 0.158007 ]
	Point
		DataString "Weapon-0"
		Position [ 502.3913265 0.000000 1052.9841615 ]
		Orientation
			 [ 0.158007 0.000000 -0.987438 ]
			 [ 0.000000 1.000000 0.000000 ]
			 [ 0.987438 0.000000 0.158007 ]
	Point
		DataString "Weapon-1"
		Position [ 529.8777015 43.008327 416.5800015 ]
		Orientation
			 [ 0.158007 0.000000 -0.987438 ]
			 [ 0.000000 1.000000 0.000000 ]
			 [ 0.987438 0.000000 0.158007 ]
	Point
		DataString "Weapon-0"
		Position [ 681.4051215 0.000000 -10.499505 ]
		Orientation
			 [ 0.158007 0.000000 -0.987438 ]
			 [ 0.000000 1.000000 0.000000 ]
			 [ 0.987438 0.000000 0.158007 ]
	Point
		DataString "Weapon-1"
		Position [ 521.2631835 -40.224252 468.780441 ]
		Orientation
			 [ 0.158007 0.000000 -0.987438 ]
			 [ 0.000000 1.000000 0.000000 ]
			 [ 0.987438 0.000000 0.158007 ]
	Point
		DataString "Weapon-0"
		Position [ 683.8175805 0.000000 -23.5668225 ]
		Orientation
			 [ 0.158007 0.000000 -0.987438 ]
			 [ 0.000000 1.000000 0.000000 ]
			 [ 0.987438 0.000000 0.158007 ]
	Point
		DataString "Weapon-1"
		Position [ 523.6755975 -40.224252 455.713119 ]
		Orientation
			 [ 0.158007 0.000000 -0.987438 ]
			 [ 0.000000 1.000000 0.000000 ]
			 [ 0.987438 0.000000 0.158007 ]
	Point
		DataString "Weapon-0"
		Position [ 685.980057 0.000000 -36.63414 ]
		Orientation
			 [ 0.158007 0.000000 -0.987438 ]
			 [ 0.000000 1.000000 0.000000 ]
			 [ 0.987438 0.000000 0.158007 ]
	Point
		DataString "Weapon-1"
		Position [ 525.838119 -40.224252 442.645797 ]
		Orientation
			 [ 0.158007 0.000000 -0.987438 ]
			 [ 0.000000 1.000000 0.000000 ]
			 [ 0.987438 0.000000 0.158007 ]
	Point
		DataString "Weapon-0"
		Position [ 688.2513435 0.000000 -49.701462 ]
		Orientation
			 [ 0.158007 0.000000 -0.987438 ]
			 [ 0.000000 1.000000 0.000000 ]
			 [ 0.987438 0.000000 0.158007 ]
	Point
		DataString "Weapon-1"
		Position [ 528.1094055 -40.224252 429.5784765 ]
		Orientation
			 [ 0.158007 0.000000 -0.987438 ]
			 [ 0.000000 1.000000 0.000000 ]
			 [ 0.987438 0.000000 0.158007 ]
	Point
		DataString "Weapon-0"
		Position [ 690.2509005 0.000000 -62.768778 ]
		Orientation
			 [ 0.158007 0.000000 -0.987438 ]
			 [ 0.000000 1.000000 0.000000 ]
			 [ 0.987438 0.000000 0.158007 ]
	Point
		DataString "Weapon-1"
		Position [ 530.1089175 -40.224252 416.5111995 ]
		Orientation
			 [ 0.158007 0.000000 -0.987438 ]
			 [ 0.000000 1.000000 0.000000 ]
			 [ 0.987438 0.000000 0.158007 ]
	Point
		DataString "Weapon-0"
		Position [ 881.234619 0.000000 -1200.0000915 ]
		Orientation
			 [ 0.158007 0.000000 -0.987438 ]
			 [ 0.000000 1.000000 0.000000 ]
			 [ 0.987438 0.000000 0.158007 ]
	Point
		DataString "Weapon-1"
		Position [ 0.5084115 288.668838 -2539.5699465 ]
		Orientation
			 [ -0.999069 0.000000 -0.043136 ]
			 [ 0.000000 1.000000 0.000000 ]
			 [ 0.043136 0.000000 -0.999069 ]
	Point
		DataString "Weapon-0"
		Position [ 883.647033 0.000000 -1213.5000915 ]
		Orientation
			 [ 0.158007 0.000000 -0.987438 ]
			 [ 0.000000 1.000000 0.000000 ]
			 [ 0.987438 0.000000 0.158007 ]
	Point
		DataString "Weapon-1"
		Position [ -150.7742955 208.6023555 -1716.0454095 ]
		Orientation
			 [ -0.007899 0.000000 0.999969 ]
			 [ 0.000000 1.000000 0.000000 ]
			 [ -0.999969 0.000000 -0.007899 ]
	Point
		DataString "Weapon-0"
		Position [ 885.8095095 0.000000 -1227.0000915 ]
		Orientation
			 [ 0.158007 0.000000 -0.987438 ]
			 [ 0.000000 1.000000 0.000000 ]
			 [ 0.987438 0.000000 0.158007 ]
	Point
		DataString "Weapon-1"
		Position [ 150.1313775 207.9364245 -1714.8576045 ]
		Orientation
			 [ 0.158007 0.000000 -0.987438 ]
			 [ 0.000000 1.000000 0.000000 ]
			 [ 0.987438 0.000000 0.158007 ]
	Point
		DataString "Weapon-0"
		Position [ 888.080841 0.000000 -1240.5000915 ]
		Orientation
			 [ 0.158007 0.000000 -0.987438 ]
			 [ 0.000000 1.000000 0.000000 ]
			 [ 0.987438 0.000000 0.158007 ]
	Point
		DataString "Weapon-1"
		Position [ -154.9643205 213.791931 -1965.193359 ]
		Orientation
			 [ 0.102945 0.000000 0.994687 ]
			 [ 0.000000 1.000000 0.000000 ]
			 [ -0.994687 0.000000 0.102945 ]
	Point
		DataString "Weapon-0"
		Position [ 890.080353 0.000000 -1252.5000915 ]
		Orientation
			 [ 0.158007 0.000000 -0.987438 ]
			 [ 0.000000 1.000000 0.000000 ]
			 [ 0.987438 0.000000 0.158007 ]
	Point
		DataString "Weapon-1"
		Position [ 153.0635145 215.4755865 -1969.5596925 ]
		Orientation
			 [ 0.158007 0.000000 -0.987438 ]
			 [ 0.000000 1.000000 0.000000 ]
			 [ 0.987438 0.000000 0.158007 ]
	NumVertices 9306
	Vertex
		Position [ 54.0673545 64.627275 935.900025 ]
		Normal [ 0.000000 0.324954 0.945730 ]
		Tangent [ -1.000000 0.000000 0.000000 ]
		Color 0
		U0 0.894026
		V0 0.146149
		U1 0.721092
		V1 0.185153
	Vertex
		Position [ -54.067194 64.627275 935.900025 ]
		Normal [ 0.000000 0.324954 0.945730 ]
		Tangent [ -1.000000 0.000000 0.000000 ]
		Color 0
		U0 0.942255
		V0 0.146149
		U1 0.739546
		V1 0.185153
	Vertex
		Position [ -36.0911925 172.7618295 898.744812 ]
		Normal [ 0.000000 0.324954 0.945730 ]
		Tangent [ -1.000000 0.000000 0.000605 ]
		Color 0
		U0 0.934297
		V0 0.097980
		U1 0.736501
		V1 0.166722
	Vertex
		Position [ 36.091347 172.7618295 898.744812 ]
		Normal [ 0.000000 0.324954 0.945730 ]
		Tangent [ -1.000000 0.000000 0.000605 ]
		Color 0
		U0 0.901984
		V0 0.097980
		U1 0.724137
		V1 0.166722
	Vertex
		Position [ 13.627275 180.635205 876.280884 ]
		Normal [ 0.318331 0.892933 0.318334 ]
		Tangent [ -0.942800 0.333263 0.007983 ]
		Color 0
		U0 0.912017
		V0 0.087946
		U1 0.727976
		V1 0.162883
	Vertex
		Position [ -13.6271205 180.635205 876.280884 ]
		Normal [ -0.318331 0.892933 0.318334 ]
		Tangent [ -0.942801 -0.333262 -0.007989 ]
		Color 0
		U0 0.924263
		V0 0.087946
		U1 0.732662
		V1 0.162883
	Vertex
		Position [ -13.6271235 180.635205 849.0264585 ]
		Normal [ -0.318331 0.892934 -0.318331 ]
		Tangent [ -0.942800 -0.333264 0.007978 ]
		Color 0
		U0 0.924263
		V0 0.075701
		U1 0.732662
		V1 0.158198
	Vertex
		Position [ 13.627272 180.635205 849.0264585 ]
		Normal [ 0.318331 0.892934 -0.318331 ]
		Tangent [ -0.942800 0.333262 -0.007984 ]
		Color 0
		U0 0.912017
		V0 0.075701
		U1 0.727976
		V1 0.158198
	Vertex
		Position [ 36.091341 172.7618295 826.5623475 ]
		Normal [ -0.000000 -0.011127 -0.999938 ]
		Tangent [ -1.000000 0.000000 0.000605 ]
		Color 0
		U0 0.901984
		V0 0.065667
		U1 0.724137
		V1 0.154358
	Vertex
		Position [ -36.0911985 172.7618295 826.5623475 ]
		Normal [ -0.000000 -0.011127 -0.999938 ]
		Tangent [ -1.000000 0.000000 0.000605 ]
		Color 0
		U0 0.934297
		V0 0.065667
		U1 0.736501
		V1 0.154358
	Vertex
		Position [ -54.0672 64.627275 827.765625 ]
		Normal [ -0.000000 -0.011127 -0.999938 ]
		Tangent [ -1.000000 0.000000 0.000000 ]
		Color 0
		U0 0.942255
		V0 0.017498
		U1 0.739546
		V1 0.135927
	Vertex
		Position [ 54.0673485 64.627275 827.765625 ]
		Normal [ -0.000000 -0.011127 -0.999938 ]
		Tangent [ -1.000000 0.000000 0.000000 ]
		Color 0
		U0 0.894026
		V0 0.017498
		U1 0.721092
		V1 0.135927
	Vertex
		Position [ -54.067194 64.627275 935.900025 ]
		Normal [ -0.986463 0.163987 0.000000 ]
		Tangent [ -0.163987 -0.986462 0.000624 ]
		Color 0
		U0 0.982466
		V0 0.114492
		U1 0.754932
		V1 0.173040
	Vertex
		Position [ -54.0672 64.627275 827.765625 ]
		Normal [ -0.986463 0.163987 0.000000 ]
		Tangent [ -0.163987 -0.986462 0.000624 ]
		Color 0
		U0 0.982466
		V0 0.066263
		U1 0.754932
		V1 0.154586
	Vertex
		Position [ -36.0911985 172.7618295 826.5623475 ]
		Normal [ -0.986463 0.163987 0.000000 ]
		Tangent [ -0.163987 -0.986462 0.000624 ]
		Color 0
		U0 0.934297
		V0 0.065667
		U1 0.736501
		V1 0.154358
	Vertex
		Position [ -36.0911925 172.7618295 898.744812 ]
		Normal [ -0.986463 0.163987 0.000000 ]
		Tangent [ -0.163987 -0.986462 0.000624 ]
		Color 0
		U0 0.934297
		V0 0.097980
		U1 0.736501
		V1 0.166722
	Vertex
		Position [ 54.0673485 64.627275 827.765625 ]
		Normal [ 0.986463 0.163987 -0.000000 ]
		Tangent [ -0.163987 0.986463 -0.000025 ]
		Color 0
		U0 0.853815
		V0 0.066263
		U1 0.705706
		V1 0.154586
	Vertex
		Position [ 54.0673545 64.627275 935.900025 ]
		Normal [ 0.986463 0.163987 -0.000000 ]
		Tangent [ -0.163987 0.986463 -0.000025 ]
		Color 0
		U0 0.853815
		V0 0.114492
		U1 0.705706
		V1 0.173040
	Vertex
		Position [ 36.091347 172.7618295 898.744812 ]
		Normal [ 0.986463 0.163987 -0.000000 ]
		Tangent [ -0.163987 0.986463 -0.000025 ]
		Color 0
		U0 0.901984
		V0 0.097980
		U1 0.724137
		V1 0.166722
	Vertex
		Position [ 36.091341 172.7618295 826.5623475 ]
		Normal [ 0.986463 0.163987 -0.000000 ]
		Tangent [ -0.163987 0.986463 -0.000025 ]
		Color 0
		U0 0.901984
		V0 0.065667
		U1 0.724137
		V1 0.154358
	Vertex
		Position [ 36.091347 172.7618295 898.744812 ]
		Normal [ 0.000000 1.000000 0.000000 ]
		Tangent [ -1.000000 0.000000 0.000605 ]
		Color 0
		U0 0.901984
		V0 0.097980
		U1 0.724137
		V1 0.166722
	Vertex
		Position [ -36.0911925 172.7618295 898.744812 ]
		Normal [ 0.000000 1.000000 0.000000 ]
		Tangent [ -1.000000 0.000000 0.000605 ]
		Color 0
		U0 0.934297
		V0 0.097980
		U1 0.736501
		V1 0.166722
	Vertex
		Position [ -19.698516 172.7618295 882.3521115 ]
		Normal [ -0.232199 0.944546 0.232201 ]
		Tangent [ -0.970904 -0.239447 0.003124 ]
		Color 0
		U0 0.926991
		V0 0.090674
		U1 0.733705
		V1 0.163927
	Vertex
		Position [ 19.6986705 172.7618295 882.3521115 ]
		Normal [ 0.232199 0.944546 0.232201 ]
		Tangent [ -0.970957 0.239243 -0.002244 ]
		Color 0
		U0 0.909289
		V0 0.090674
		U1 0.726932
		V1 0.163927
	Vertex
		Position [ -36.0911985 172.7618295 826.5623475 ]
		Normal [ 0.000000 1.000000 0.000000 ]
		Tangent [ -1.000000 0.000000 0.000605 ]
		Color 0
		U0 0.934297
		V0 0.065667
		U1 0.736501
		V1 0.154358
	Vertex
		Position [ -19.698519 172.7618295 842.955048 ]
		Normal [ -0.232198 0.944546 -0.232198 ]
		Tangent [ -0.970957 -0.239244 -0.002248 ]
		Color 0
		U0 0.926991
		V0 0.072973
		U1 0.733705
		V1 0.157154
	Vertex
		Position [ 36.091341 172.7618295 826.5623475 ]
		Normal [ 0.000000 1.000000 0.000000 ]
		Tangent [ -1.000000 0.000000 0.000605 ]
		Color 0
		U0 0.901984
		V0 0.065667
		U1 0.724137
		V1 0.154358
	Vertex
		Position [ 19.6986675 172.7618295 842.955048 ]
		Normal [ 0.232198 0.944546 -0.232198 ]
		Tangent [ -0.970904 0.239447 0.003128 ]
		Color 0
		U0 0.909289
		V0 0.072973
		U1 0.726932
		V1 0.157154
	Vertex
		Position [ 0.3373155 -19.47681 3955.682373 ]
		Normal [ 0.014729 -0.000820 0.999891 ]
		Tangent [ -0.000001 -1.000000 -0.000605 ]
		Color 0
		U0 0.746244
		V0 0.011599
		U1 0.668216
		V1 0.027173
	Vertex
		Position [ -0.275781 -20.0329695 3955.6893315 ]
		Normal [ -0.000158 -0.000820 1.000000 ]
		Tangent [ -0.000000 -1.000000 -0.000820 ]
		Color 0
		U0 0.746244
		V0 0.009922
		U1 0.668216
		V1 0.026532
	Vertex
		Position [ -0.275781 19.0273155 3955.723023 ]
		Normal [ -0.000158 -0.000820 1.000000 ]
		Tangent [ -0.000000 -1.000000 -0.000820 ]
		Color 0
		U0 0.700228
		V0 0.009922
		U1 0.650609
		V1 0.026532
	Vertex
		Position [ 0.3373155 19.4760345 3955.712769 ]
		Normal [ 0.014729 -0.000820 0.999891 ]
		Tangent [ -0.000001 -1.000000 -0.000605 ]
		Color 0
		U0 0.700228
		V0 0.011599
		U1 0.650609
		V1 0.027173
	Vertex
		Position [ -0.723231 -58.8823125 2700.349182 ]
		Normal [ -0.000205 -0.999808 0.019573 ]
		Tangent [ -1.000000 0.000201 -0.000205 ]
		Color 0
		U0 0.499813
		V0 0.163987
		U1 0.208150
		V1 0.082421
	Vertex
		Position [ -0.2749995 -27.8426085 4025.447022 ]
		Normal [ 0.123252 -0.992186 0.019411 ]
		Tangent [ -1.000000 0.000198 -0.000251 ]
		Color 0
		U0 0.499734
		V0 0.001524
		U1 0.208120
		V1 0.020258
	Vertex
		Position [ 3.0573795 -27.9048645 4024.651611 ]
		Normal [ 0.123252 -0.992186 0.019411 ]
		Tangent [ -0.990794 -0.121928 0.058820 ]
		Color 0
		U0 0.499146
		V0 0.001524
		U1 0.207895
		V1 0.020258
	Vertex
		Position [ 226.767861 -30.1900785 2700.3521115 ]
		Normal [ 0.102028 -0.994663 0.015371 ]
		Tangent [ -0.994397 -0.101546 0.029386 ]
		Color 0
		U0 0.459708
		V0 0.163986
		U1 0.192805
		V1 0.082421
	Vertex
		Position [ 84.561087 -43.993773 2673.1492305 ]
		Normal [ 0.102028 -0.994663 0.015371 ]
		Tangent [ -0.994397 -0.101546 0.029386 ]
		Color 0
		U0 0.484778
		V0 0.167451
		U1 0.202397
		V1 0.083747
	Vertex
		Position [ -0.2524905 -58.8823125 2695.6732185 ]
		Normal [ -0.000205 -0.999808 0.019573 ]
		Tangent [ -1.000000 0.000201 -0.000205 ]
		Color 0
		U0 0.499730
		V0 0.164582
		U1 0.208118
		V1 0.082649
	Vertex
		Position [ -0.876015 -19.4771805 3955.682373 ]
